22.075620520062635
22.238418209352304
22.27712705710686
22.50668840697726
22.671798856579446
22.80867791151596
23.248236949209456
23.677166548493137
24.01180573607214
24.735521244854127
25.20299810954158
26.047918065098383
26.715102912611147
27.597859670488535
28.43649273938063
29.436333781981403
30.293843527253326
31.06135178131516
31.71503108878829
32.12782473594204
32.414143683388886
32.70537092934988
32.87108928410235
33.083968424394946
33.159321463874264
33.25625441403681
33.25096040701045
33.285514405686186
33.253592993298795
33.0762163822229
32.9504472417812
32.71313923154994
32.79339486459644
32.77593742127529
32.935962474332456
33.177346011547776
33.538745614614136
33.79205000295961
34.1131120299794
34.45091694280725
34.704137532646435
34.86612865124732
35.07837032204537
35.26394026522697
35.34509599354625
35.462929055140734
35.57397719625238
35.597102949347665
35.72395163382849
35.893246321348705
36.03999346856417
36.12229348164363
36.10141673716244
36.11188791852623
36.26319212287353
36.387978519610535
36.52059640037075
36.63772811482156
36.782973729491786
36.85489503172869
36.95741627374465
36.968701612777906
37.046424236980016
37.12030631483153
37.20690891715295
37.238233151879015
37.250949736776406
37.31604132344376
37.36854550107059
37.40816187931834
37.44354533144609
37.48107656086684
37.51633181583655
37.54279849159494
37.61381697513341
37.714910592883854
37.71297869094947
37.751808785861506
37.80615262409045
37.88595220000068
37.94785960448073
37.93670048456019
37.845843912029174
37.83236648583608
37.85321246118236
37.72555602393455
37.42014652550699
37.375853655834
37.419928168300295
37.6760301259536
37.6703280903004
37.692144195699164
37.69480151581297
37.641515266971986
37.73616173302729
37.68792058580092
37.68030603636101
37.67897746302425
37.373390423673655
37.81311032621193
