32.6140717392688
33.31439050841662
34.215505384865914
34.52536689030601
35.45301231683291
36.5967049840347
36.89922645676476
37.956857713947095
38.63503516206413
39.9423919485663
40.59999998739018
41.775958658502766
41.88866312832986
42.93922655460869
44.56240895878696
44.31594072693435
45.29644183549133
45.20096722074538
46.83463619819929
46.446920555479586
47.065006583046326
45.92246527857334
46.703870796500425
44.38010983504841
44.328141807168855
44.21628248305242
44.35157700629521
44.98837041316391
45.437920835493976
45.47553435880851
44.472298746676934
44.602589488345885
45.242966452343595
45.10764464541943
44.77409634937601
43.85534221566895
46.098487483055486
46.22081873226002
43.55533597199259
46.556216049710066
45.62162604474162
44.45153136122826
44.93344903959109
45.98731685115786
44.83447790191829
44.66704842341196
44.105629994361415
45.79463492877097
45.99052143371823
45.633371347270014
44.65952484445549
44.9422274595206
44.25779488493602
44.303904894678055
44.51448684790986
43.94892193651433
44.68514733027948
45.46041566163654
45.269894907048716
44.38839213978389
44.42872279529342
44.2449667227076
45.41182599064739
45.146929960143865
43.41505497970392
43.86562297232408
44.02865136150391
44.6163343433657
44.16886802094135
44.081486198071154
43.1203063183373
43.70147614103392
43.18620839019258
