21.981427152334682
22.234604986043056
22.288160419389765
22.358490818805528
22.659568722165925
22.87229586784616
23.289150448221676
23.624127250763348
24.192961546219593
24.635036595608184
25.33732584426121
26.03714332088393
26.732348227090608
27.633493838827306
28.471695813597577
29.350196813178474
30.965017210507433
32.06444820954022
32.657106328452635
33.13862057959703
33.40140540670019
33.23039701753012
33.09813413602539
32.698936162117995
32.742349290976136
33.21716562259523
33.81385534060649
34.4372416625285
34.857257941860205
35.2673474007889
35.46960433038321
35.63185186601258
35.93223760217655
36.1065939156294
36.13416325047624
36.301340810081975
36.65605102110439
36.83766995711267
37.01843906043383
37.11032562263285
37.20687375419711
37.23415426965108
37.36538253641317
37.435581093327485
37.45057824471431
37.498806148535
37.57489059607835
37.63122426943102
37.695552582508974
37.723943004378164
37.77816994797523
37.83686381343262
37.88155952297685
37.90834366881366
37.92807665711464
37.854710539374985
37.8264849807689
37.85280682148915
37.74548496673696
37.425207831400975
37.387288046156456
37.41987981149315
37.67058382802104
37.684055918860174
37.69542388567769
37.703049242100036
37.651982108198766
37.72736458916881
37.68035479786217
37.67894379495863
37.67415796181356
37.37332119208771
37.81290175186398
