32.6140717392688
33.31439050841662
34.215505384865914
34.52536689030601
35.45301231683291
36.5967049840347
36.899226456764765
37.956857713947095
38.63503516206412
39.942391948566296
40.59999998739016
41.77595865850277
41.88866312832986
42.93922655460868
44.56240895878695
44.31594072693436
44.9839168720065
45.29644183549133
45.59950998262609
45.200967220745376
45.36638191277915
46.83463619819929
46.84118354397323
46.44692055547958
46.34113000144374
47.06500658304631
46.87003913856224
45.92246527857334
45.62794465089634
46.703870796500425
46.21706741334677
44.380109835048415
44.07728845380206
44.32814180716885
44.35411936801653
44.21628248305242
44.47303026011588
44.3515770062952
44.733898396420756
44.98837041316391
45.33330160965893
45.43792083549397
45.395115086192774
45.4755343588085
45.15202963267238
44.47229874667693
44.24525094117894
44.60258948834588
44.76810657198396
45.242966452343595
45.15065458656743
45.10764464541941
44.85073997357152
44.774096349376016
44.92851338530567
43.85534221566894
44.275184623738184
46.09848748305549
46.25745029574006
46.220818732260014
46.02449506361879
43.555335971992584
43.4821710134964
46.55621604971006
46.44422589748338
45.6216260447416
44.45153136122826
44.43430932561655
44.93344903959108
45.987316851157864
44.83447790191828
44.667048423411956
44.95180899792895
44.10562999436142
45.79463492877098
45.990521433718214
45.63337134727001
44.65952484445548
44.9422274595206
44.25779488493601
44.303904894678055
44.51448684790986
43.948921936514324
44.68514733027948
45.460415661636546
45.26989490704871
44.38839213978389
44.428722795293424
44.244966722707595
45.41182599064739
45.14692996014385
43.415054979703925
43.86562297232408
44.02865136150391
44.6163343433657
44.168868020941346
44.08148619807115
43.120306318337285
43.70147614103392
43.186208390192576
