1.145602078342811610e-126 5.902817557670616424e-141 6.371447067836354033e-138 1.925878342600410372e-138 1.000000000000000000e+00 1.028837321830082201e-139 1.029273926499305810e-143 1.618290765346843705e-142 4.355678765877218815e-49 6.640834585749595339e-133 3.552741051781680439e-128 8.044587198381165648e-40 5.381247662327409646e-50 1.584026859852385995e-48 5.869947454558342708e-139 5.137198154157668242e-26 1.049310439826563923e-99 4.421505279059612846e-77 3.263425730180143702e-136 1.800954640923787870e-127
1.610813364513955074e-126 1.325572667576596763e-140 7.282364352195249549e-143 2.144143855638101826e-137 3.318116566118350471e-26 9.857291906997066980e-139 1.016902978523659260e-142 2.558862006416399717e-141 1.332558530693589781e-70 7.310554421364656667e-131 4.431871447880603866e-127 1.541688187967682801e-72 3.079260016886669448e-77 5.747427250038077300e-68 9.623781320046390086e-138 1.000000000000000000e+00 1.151230333621433949e-99 5.087599183295734453e-105 1.401504306251825604e-134 1.392783359624970343e-125
2.164171122753676723e-95 6.273745024542995541e-124 7.190371315993070141e-129 2.227208676677219868e-118 1.000000000000000000e+00 6.569695020218984656e-121 2.620784381249602033e-126 6.126408160144692816e-124 1.357804276582199653e-85 1.057799245025094210e-102 1.189110241800304362e-97 1.506534791236865512e-30 2.626923879722938223e-101 1.121709309277769370e-81 4.609798946870052657e-119 1.594208384887563773e-19 1.281300861768690700e-70 1.859293455434298246e-117 5.564466366311198283e-106 2.886140523362521162e-99
2.051061564646570257e-150 1.428078602766398553e-162 5.254358929633136509e-161 3.974986628569811574e-160 9.720209541634839967e-01 2.704600256069436821e-161 5.760689834612148832e-165 1.132898793061444241e-163 8.245414317539010235e-90 3.734803230664575922e-155 2.074613729601530296e-151 1.308906834674435086e-70 1.143039345617325475e-95 7.688524616098452683e-87 1.540974168431643512e-160 2.797904583651599636e-02 2.670586379339477514e-131 1.187324976328170334e-108 4.522660577497762496e-158 2.609114495756703351e-150
2.249621139959086255e-34 2.309021521989241672e-38 1.379625459787326654e-69 6.249486180565267254e-38 5.491287011219103927e-137 2.393290945875053127e-33 2.426133732688681968e-31 7.311786289934733810e-25 3.980352698895065417e-128 6.277649087060631933e-14 9.999530687928799288e-01 4.532057862698003574e-75 6.465083086127234556e-152 5.031739749675462501e-97 1.396787892822372227e-33 8.838922338795927372e-73 2.254209130730405591e-63 1.719912931254274536e-157 4.161603007067963250e-30 4.693120705737868406e-05
1.490078185957308884e-130 2.173239413674270582e-154 8.230443385593014249e-157 1.342590216444206188e-148 1.000000000000000000e+00 3.232003631344971167e-151 3.870425538309548041e-159 7.754448468049443508e-157 1.057480472455310856e-86 6.361017461013759529e-139 8.905758716300415488e-133 1.132360352249147836e-36 2.310811907952088398e-99 2.414577722136213730e-81 2.555431166904740763e-149 4.249691365908564819e-34 5.989146814304399639e-89 1.213961494479442040e-131 1.253643550414820844e-143 2.062600338835052656e-131
3.422884962720134094e-01 2.334449790603508429e-36 3.231555668823457890e-55 5.878312226662780898e-34 3.987821039029111379e-105 5.819661024338023361e-32 2.808508852331540799e-31 1.080373936225598829e-21 8.858011357101832305e-91 6.576129424907622978e-01 9.856123722429052506e-05 3.103379818836926466e-51 4.338838451785751439e-122 3.387404694598165157e-59 1.744043610429366135e-33 3.380320988903772206e-49 1.131091262062537499e-53 9.615545199534170250e-139 2.539530764518165407e-32 1.964716981280648759e-27
4.186120991921756976e-85 1.233099108646570218e-111 6.125537628557513257e-134 8.369581918928057852e-103 7.256793539442669604e-55 2.827365382804461754e-105 2.674999345868582425e-117 3.660936998525648548e-114 2.969667268068451412e-91 8.669810730277528328e-89 6.268835586269286859e-87 1.000000000000000000e+00 2.648522383236994814e-116 8.665552396968321516e-85 7.233338948872859460e-102 2.878776766194457800e-42 1.464984903966600360e-32 1.702572036398475457e-152 2.634997165395069357e-92 7.369402723924134528e-89
1.000000000000000000e+00 3.755291319380657098e-35 4.843859808157478316e-78 7.618870351087331506e-21 1.550439144479349028e-98 1.977856989965326741e-26 7.014044172719026693e-35 1.662791824166398835e-28 2.134643517564116766e-62 1.513004929827208845e-31 7.702575049349910761e-29 6.070867605766505038e-44 3.043484047805725650e-109 4.038586361347018746e-53 3.500549244505590601e-25 7.563343570141327219e-44 4.401532500861222429e-44 1.444264444144075658e-142 4.562736292391475517e-25 9.797269317912631285e-43
3.143595785650275566e-26 1.286735842543462683e-32 1.878227474977999933e-100 1.909228569438191501e-22 5.211386431645766988e-90 1.154349671106085650e-18 2.628784621233834169e-44 2.015624774555670105e-41 2.194986579335220132e-64 7.642556127551565923e-06 1.566952304203716899e-27 1.260175484513374512e-41 1.564066782234868086e-102 1.218609785659297548e-58 3.173614276456478649e-13 1.022294156728404294e-43 4.896700753965835367e-32 8.466793852659777160e-136 9.999923574435550799e-01 1.391926875242824888e-42
6.140806322580955577e-106 4.509815076805462298e-139 1.012284152199237111e-163 2.525565003337274925e-127 1.231163831917640750e-84 4.745987676829759398e-132 5.588575358791290145e-144 1.476999649730802160e-140 4.842989850667118182e-107 1.218111866484452001e-113 1.197295208015480225e-108 9.999998654576004453e-01 3.491174705753065856e-127 2.267001522717129658e-102 1.536110515123734450e-127 1.345423995975914383e-07 1.932044530118299708e-34 1.494503251704145607e-181 5.800525633588673767e-117 2.125626463917155602e-110
1.074746256909047817e-35 2.074424532686692477e-17 6.011126823897983657e-88 1.382014531421916012e-09 3.089411053221634161e-152 8.101491818365906510e-08 8.109739794139013834e-20 1.445102776186348812e-26 1.360982484177513721e-97 4.686023670032932478e-23 2.161621608283560025e-43 2.214929821658090690e-59 2.137225432717384053e-157 2.163451653489149951e-83 9.999999139062715203e-01 1.511161446718129571e-67 7.627942080148363524e-49 6.738795749975069711e-175 3.696795655050956470e-09 2.414389962076658449e-62
1.990673589831021556e-114 8.624843778866451739e-154 1.310384493889026245e-186 1.390603097605161130e-140 5.623772475471578961e-116 2.920474610569741438e-145 2.449437831558538394e-158 4.457187240006716510e-155 1.448756168374205574e-112 2.357878206153687204e-118 3.653097634807329090e-116 1.000000000000000000e+00 5.556961999644452038e-133 8.007040633376516703e-108 3.368163558958455233e-140 5.255741360647717006e-35 8.902566905100979254e-21 1.570470648540263848e-199 7.755876451029020819e-121 3.062003798950566231e-118
9.999999999999997780e-01 9.453396677699785786e-46 1.545543906824120713e-87 1.980341061728842949e-35 2.718423271790892585e-102 2.965404455671622797e-37 3.057272971363870084e-46 4.785949674885988657e-42 2.033963511993133812e-62 6.091897375200360608e-21 1.338127157921500640e-16 1.548044666542769156e-34 3.097508974698639992e-114 7.491755206621389448e-55 4.234943343184613135e-34 1.649706967800576303e-35 2.691408089817245166e-30 1.088625961435169807e-143 3.163693234839378714e-28 1.075928148826417664e-39
1.801993921558387497e-19 5.299475696348294942e-47 3.935060264660158276e-97 5.400104851762642112e-38 4.218182275232908142e-136 1.883317738452612232e-41 2.585211138250861659e-43 2.407469199077064251e-35 5.930427732721312153e-79 1.000000000000000000e+00 4.898593605976502266e-22 9.300704958294023959e-48 1.559213442098085272e-143 5.780244141121613153e-70 1.011031066559601799e-40 2.145154085818356579e-52 2.077879749260988180e-42 6.155234371853020411e-169 3.395105053908465400e-32 5.135735578048310786e-38
5.965858982990423548e-07 1.432394172696956174e-43 9.301875341731852606e-80 1.953448505667065968e-33 2.838471080363260668e-66 2.124909997080242474e-35 6.710095202540825225e-39 2.447227696503134614e-32 7.808666174291240652e-30 7.329470052949239669e-15 2.251421405112421972e-08 3.248616260327273742e-15 5.454996244030301238e-73 4.955009420423356479e-26 8.789982324881105280e-32 9.999993808998770550e-01 3.095583310978317511e-17 6.480768811122529134e-119 2.033917034016102133e-20 2.990121768027236808e-22
9.999999246206875414e-01 4.620141780397608667e-38 4.935724444973181619e-104 3.874489647886177030e-34 2.869385618435457687e-165 5.403341327936561263e-36 6.920133175349549353e-30 2.450592979638380282e-22 2.679203020550324224e-68 7.537931084255533497e-08 1.652885070310453077e-15 2.262430971677485912e-49 1.186821378966035758e-164 3.889290487519439939e-63 4.941765276841687922e-37 3.298655140274609376e-56 1.584804098853100444e-50 2.586449581593928949e-176 2.336579803096495738e-35 7.186132926969845860e-46
9.999998630514886910e-01 3.540876789154236532e-33 6.745096788905328097e-103 4.687149070606423187e-23 8.382460626103898869e-127 3.351746247018301898e-27 1.321303467340154920e-34 1.164743925812282916e-32 1.629725979949490046e-60 1.369473125519072220e-07 1.198894243096305355e-12 1.244208669232303577e-37 1.560395260194457885e-128 2.774755764809877957e-54 8.323529885294173676e-27 1.271445881334427207e-41 4.750575145819213014e-37 1.076105108655517452e-163 2.490389046320263737e-23 4.945479366544254131e-32
1.000000000000000000e+00 3.530719669382972888e-44 1.434126893547319855e-133 3.095504440247117380e-35 4.044449553242405078e-146 2.420016694513028930e-38 5.813970331092393664e-41 2.636226554464829563e-34 5.552043191252514120e-84 1.145674511026504643e-24 4.899564067035003208e-24 4.923930393897324253e-51 8.114604683101983970e-130 5.994264359128123702e-75 1.829929611517167311e-38 2.056822675799660474e-58 1.777129537805817535e-46 1.458992898688917411e-178 9.846863179015146291e-37 6.509783536104866269e-51
1.000000000000000000e+00 2.108219980228252238e-76 1.893423847527629541e-157 4.073285140114403201e-72 1.102753529550783183e-173 3.698547879087705614e-73 2.440614485252049092e-62 8.140301960800361335e-58 8.265578651709348425e-68 4.733760780949919360e-42 1.520512927248266598e-35 2.993679572219377964e-65 3.054692229736932970e-147 8.489789737250789882e-66 5.157394503660140412e-74 1.017256388701642055e-59 8.730443018214555877e-71 6.487668136830545125e-192 1.406811315409987067e-70 7.404303374704066331e-45
6.452231398241202108e-33 9.217359650490340799e-44 1.656850158163471629e-130 1.201903516270358374e-26 4.817632122814362610e-164 2.944443141254958073e-37 2.498112950617509549e-30 1.000000000000000000e+00 1.922370502108259338e-93 1.900306242309653420e-26 8.260819373057055231e-49 2.352401368635987182e-56 3.900812933106510408e-155 2.797696241843425940e-84 3.156871426422955296e-35 1.700668316456958905e-68 2.425297461307568584e-44 1.256507776485725572e-180 1.160327561692347955e-20 1.082399105605422798e-71
9.999999999983517629e-01 6.084074197389069486e-43 2.818783993937718395e-141 1.368593217419222630e-29 1.424321049244167002e-120 9.745262286955514513e-30 2.278197660439055603e-42 2.195338525866774537e-42 3.462329638168651288e-57 5.860296970893522182e-15 1.195019322855560648e-24 4.702067394802867253e-46 2.968046659212154919e-113 1.557466133454276135e-55 1.295597451653732730e-24 4.648492124140385375e-47 2.414500126694409350e-43 2.123571533604658603e-162 1.642512028347456549e-12 4.172936197226151379e-37
1.076535897532184978e-20 2.490908246839597069e-32 6.325116144437119969e-140 1.104332974484149770e-05 8.012564591264114429e-161 9.597758005402101529e-23 3.628820324604847976e-26 7.844199785858594811e-16 2.099624419182311753e-88 1.570644031159007392e-16 3.264423478605135517e-37 9.701861142825203415e-57 4.213128103720705183e-149 2.311291214511409721e-83 3.127454496541471807e-19 2.452717333891934721e-72 6.738587736964207777e-38 9.623850280185023833e-175 9.999889566702542254e-01 3.854230366164047923e-63
6.885800193162687863e-41 2.040036340237807984e-48 1.395919457793371686e-112 5.681188406747542446e-36 7.884531341663337121e-125 5.702342121961101923e-30 3.642717614556433117e-45 3.226844944050608674e-43 1.119740458531161683e-84 7.919934243757806848e-36 2.081812487820149313e-46 8.019784862296011737e-58 1.744448009472256421e-132 2.811724240862268529e-79 6.158031501876358591e-17 1.481380891210605929e-64 2.558697884911816977e-47 2.695553121459610786e-161 1.000000000000000000e+00 2.055178139493223949e-64
1.000000000000000000e+00 5.590723555400301369e-41 2.099403123959840644e-99 1.466002563458483334e-24 4.523554187148155724e-107 2.251063675903908219e-27 1.652907812046315306e-40 6.377716844252067215e-36 9.349967723502838890e-61 1.417693214934863445e-21 7.589536321374389104e-20 2.953083217959060924e-40 6.975326856019377235e-111 1.617826963961796415e-55 9.249224515442855439e-24 1.186996524931439888e-41 1.122431198823809648e-38 1.222464453909847261e-148 1.895008131283692410e-20 1.609388930542714513e-44
9.999577048378868183e-01 1.703385396775227198e-39 9.357615070324262264e-89 3.929458574749769295e-32 3.193731258338996664e-68 7.642448800743849095e-31 1.089445639391157634e-24 3.113449739870629031e-23 7.905191705289307125e-40 1.189263235136373342e-07 4.217619314276815408e-05 1.493465118777960612e-24 1.400111839286218701e-69 5.672402151836105170e-35 4.201069241808057693e-27 1.021900674494757299e-30 2.646324872391928597e-21 1.282139251178867161e-121 4.264690414179506054e-11 3.240988782864296711e-17
4.061054554619013341e-27 2.382255442919628507e-32 2.145747320276965900e-90 3.476816912802168463e-24 2.850752430953177913e-120 2.201010820539008288e-18 3.469389120626547503e-34 6.231716058355255403e-36 2.130595590054681449e-75 3.169403149547240136e-28 4.327461675838125403e-36 4.964824359778681043e-49 1.583517776930692207e-122 2.938180698461126193e-60 9.468567976765070499e-13 3.693329055021201228e-51 7.569541513879328728e-46 6.839114773102169181e-153 9.999999999990532018e-01 6.823907590622532243e-55
1.467743476580228045e-88 6.996903513831223354e-121 3.426631710755498595e-153 3.447149978776053681e-109 2.038697146789809573e-82 7.894247645739815115e-113 2.941400964383074512e-122 8.244737159648584058e-118 4.709639878381138563e-67 9.179306118069126644e-95 3.608316328727749765e-91 9.999968307781086363e-01 6.998417849683375106e-85 3.130166765479586469e-64 2.907656940135492320e-108 1.035824092585300443e-06 2.133397798756149738e-06 3.140977679220206463e-169 2.250218031426141258e-97 7.242965284916244354e-95
1.343999203531195922e-18 6.232224548572824027e-14 2.344390399501380602e-83 4.601105491026160894e-04 3.385811849929635083e-142 2.469815476145751920e-01 1.866429639933880662e-22 1.752252909026630062e-21 7.055669481928882305e-74 1.002014759800276804e-15 9.274661214128415751e-36 2.745908801599182628e-47 4.673642859151154410e-145 6.238969103925171630e-67 6.819176023161516165e-01 2.051587908329075007e-55 6.905255203764947143e-40 2.543678328636962120e-159 7.064073952010734014e-02 7.862064511865719797e-56
3.932901429433410019e-23 1.986400684980172477e-45 3.170266191285972021e-127 7.851061018518339631e-35 6.656920098316332069e-117 4.073272464187099816e-33 3.702866154261039372e-44 1.502715310697511560e-38 5.973823267216026723e-59 1.000000000000000000e+00 3.782071993838231774e-24 4.798884681073564535e-43 1.251523840565879156e-108 7.693461181074189892e-56 3.820886879113563670e-29 9.757676666047734724e-38 5.406009891232795826e-42 6.314864421930002211e-162 2.004942174138311861e-18 7.184539636789042384e-33
5.550220494000486521e-13 4.952791557278331273e-31 1.187361486925284488e-116 9.999999999909039428e-01 9.593248349664586468e-140 1.254713505081602238e-20 1.466818472268585663e-34 3.003202677716979095e-27 4.918327610783123357e-86 8.541023715126173655e-12 2.117212461803529419e-34 1.823706295630000533e-58 3.035648663779329064e-136 1.366141043568757082e-79 1.362149161872200188e-20 9.273110104039022967e-69 8.730376207765515648e-50 2.067268925143923363e-165 5.828111881049405273e-18 4.561118625264441692e-61
9.999999962088170768e-01 3.072017267809264333e-49 7.692389838544366802e-107 2.099179549432270332e-39 4.427119935128458178e-137 3.391278025229815082e-42 9.121453556382700359e-45 8.702345766946110376e-41 1.371142882993511229e-79 3.791145675340330590e-09 3.721386115992929183e-14 1.243501167630591709e-53 4.430926237504075555e-148 1.761931128973646282e-73 5.615243354971387000e-41 1.276889223717310984e-55 4.277809124121924636e-49 1.030098114051162191e-173 2.097902949614567549e-32 2.814965716564419140e-31
2.838798145800487585e-37 1.056619892719539718e-23 4.707383478922644121e-116 9.999998979210822370e-01 6.539607885357660117e-163 1.010855369891187934e-11 1.112929616202757073e-27 2.461402594179841704e-25 1.341776881775578173e-101 2.792347632644757701e-33 8.366077848454825942e-52 8.729044044450504434e-68 2.878449249166900789e-167 2.730075552364611894e-93 2.510590759427285669e-10 1.105338293276503535e-80 7.090192718234435327e-53 6.285669302771381073e-182 1.018177499580864791e-07 1.376149662350127857e-71
9.999948551871786773e-01 2.054729511312482685e-50 8.629025890914108668e-86 6.152888138815406578e-40 1.985858692208536890e-44 4.601139546836991936e-42 4.671752653049893658e-38 1.271604470155860898e-27 4.204920201927940466e-41 1.022974549981606076e-14 4.246929742195821361e-07 1.753995005446662052e-20 1.484080162141557375e-62 7.110323182706432582e-32 1.911764054132268473e-38 4.720119836701886530e-06 2.207229647259050758e-16 5.634675150063907712e-118 4.122803159697330284e-23 1.436206718510616283e-17
9.999999999964845898e-01 1.161443682033700311e-40 3.590399201357838119e-135 5.988990560582897433e-29 7.115590673337164740e-132 4.283151787719139723e-28 1.200801095542057248e-43 7.906422081883004834e-40 3.223417993632026098e-90 3.515307020713174635e-12 1.943593126098432610e-28 9.301039797091901200e-58 5.839596811154044102e-135 5.142425982295219661e-85 5.638319398087865873e-27 8.664979140676457944e-71 1.032879252721045739e-44 3.416300126433677225e-163 1.194483007232548320e-23 8.604095598851999012e-62
5.887123728410825308e-19 1.492912910839882974e-33 1.498191466306695877e-87 5.798224492297700718e-15 1.670068853018650763e-78 3.999121382403480143e-16 1.236076128175561737e-33 7.020240807405955598e-32 3.440165646920694444e-62 9.999999907931703680e-01 3.596101121689261813e-18 1.010628258999538024e-42 9.423348837222627657e-85 2.010436905153117312e-51 1.946872884358995098e-12 4.670594314181417240e-40 1.890025636817564398e-40 9.198114321802518826e-128 9.204876445549558063e-09 3.336733627231027588e-36
9.999938266041197288e-01 2.426476996870302664e-41 7.793343370802950169e-99 2.730914903181690232e-27 1.166696867606529804e-95 3.000004402434177136e-31 4.327994073745719940e-40 1.369631976807547724e-33 2.929617360583338687e-59 1.636274155394443508e-07 6.009768464809686835e-06 1.426606831290680553e-45 2.308587545976998610e-95 5.144373431945638015e-57 2.136075472150192536e-28 1.370104896448802761e-45 8.808120773805145143e-44 1.625984765553711586e-137 1.112043428236946339e-24 6.440724637568910835e-37
9.999999999990165644e-01 9.964070595707258820e-40 1.531527000417428099e-70 2.173554909632709313e-37 8.103089463773740368e-133 1.663570962507623962e-39 3.054088313581019059e-42 1.797918885016762639e-39 6.105688745190464463e-78 1.221448484674572280e-16 9.833235378837737540e-13 8.123233199352425172e-54 3.893773478572624423e-135 1.102633215899157360e-66 4.040679147693041986e-42 7.503237199245603162e-53 5.082365674413268743e-56 5.705712330653823006e-154 2.527072172509750900e-44 3.685319640959990555e-30
2.815211687512569616e-64 4.272153611583657076e-112 2.786379858792478387e-159 4.279473497872205585e-94 4.686685154045833604e-94 1.438198106331419773e-99 4.144615915621039653e-111 2.169977984751962596e-105 3.119463231069333765e-82 2.038882894752331711e-71 1.239449970130457059e-68 9.999999999999995559e-01 5.548652360855993709e-99 2.559085630351879697e-79 5.146575710769915563e-93 4.277553819909606240e-37 4.085539284426284687e-16 3.673241566711682103e-181 6.223964457645635733e-72 4.856774379132510002e-75
7.963931679984950673e-21 2.049566905884574028e-60 2.424813895578498420e-110 1.434863200981260216e-52 4.647695632278320402e-131 4.180991741046921957e-56 2.171201183462860194e-53 1.460193159550123705e-51 3.564448648207179968e-65 1.960029031640871021e-30 1.000000000000000000e+00 8.162001788144564169e-58 1.862219756528159321e-111 5.262706396198784706e-62 1.569978133375171912e-55 1.849639699354389700e-52 3.901797076489999265e-61 4.499424814643635012e-158 1.150953472005384298e-50 2.885639078655402557e-24
3.992081229925131846e-64 1.166985247125887226e-110 7.997686617755176653e-146 4.890706502467413549e-100 2.754040095822786651e-54 2.319156070512974321e-103 1.755883711877908131e-104 4.896613315469499020e-98 7.168988964785575709e-58 1.973565418683535036e-73 2.540389032930557052e-64 2.326527165458231494e-48 4.811513578225520126e-71 2.866612175053980226e-58 4.808457912253137886e-100 1.000000000000000000e+00 2.815416270881976028e-53 4.852986699564915699e-171 4.943007369460507394e-84 1.004907924202951505e-61
2.901268860833932247e-55 2.103783610363085313e-93 2.324839264184885799e-119 2.562251540334003378e-83 1.176126892862306765e-17 9.554268973398095937e-88 7.634667091818208930e-89 1.589277834425899362e-84 2.191120728572447908e-18 7.634548467155170562e-67 1.056208968886961396e-56 1.612777774030524265e-09 9.363995403116203387e-24 5.422677141502429488e-15 1.304760395795920446e-84 9.999999983872167597e-01 3.889438975921503188e-32 1.738259927429145485e-94 2.808168216851651251e-76 1.398335725983562597e-53
1.474435018485440844e-30 5.526141805152692666e-47 2.039639712251948567e-100 6.558369925362660796e-39 1.199745033171974351e-114 1.517296924430891491e-40 1.268282315811339839e-47 2.642913369062772506e-46 1.226757850800448783e-73 1.000000000000000000e+00 1.041321606682191960e-26 3.562038224785120827e-58 3.240297364387801617e-125 5.224306105130697196e-68 7.039689582449956901e-40 6.624834921247742986e-56 6.014286536306319270e-56 5.467936693775308095e-161 1.017161382287483040e-34 2.372454832756898294e-25
8.858606409547928409e-12 2.032844775829505977e-42 8.337399438019936837e-101 2.026016792648858196e-30 4.987468090239715938e-94 1.081615454487550739e-36 2.971060237825283356e-39 3.622004418929934146e-34 5.401785563402549385e-68 9.999999999680662111e-01 2.303940343697430463e-11 4.480983632843422930e-37 2.130633242964879048e-114 6.252957249126848331e-64 1.295694615701504425e-34 4.147228857461831660e-39 4.821848758110718963e-25 6.128189827612406488e-137 5.932937621979642602e-27 3.566362513972988470e-14
2.040724622114107674e-70 5.042092272876614179e-104 2.490332208468610382e-131 1.859961614810167894e-88 2.418992867662535399e-84 8.238925756155550528e-99 5.808575962581815824e-90 4.051924223823316564e-86 3.182236540825011391e-82 5.033953224423847217e-79 5.564784653675171498e-75 1.255167024126251334e-18 2.818996049622826637e-105 6.933600201555197115e-78 5.544380968933228813e-96 4.608924974534707374e-30 1.000000000000000000e+00 4.484722690799174695e-149 9.744677796105301907e-80 2.307698104596673932e-82
4.582814207348453433e-87 1.076340070807829599e-110 6.800276892457258360e-148 2.165404679967359368e-103 3.631982218109387244e-93 7.701944992530339399e-106 1.831707172814806100e-102 4.512874282760294120e-98 1.014412252984767534e-98 7.815988327631087433e-94 1.119871078871063521e-89 1.000000000000000000e+00 3.416163190062928763e-120 1.076362353422901865e-94 3.110731377860654337e-103 1.489383065379490515e-21 1.590653794188549786e-42 1.240141761007551108e-153 2.537199210093527761e-96 1.325674350223121327e-93
6.956008584138465901e-44 4.055495866406639710e-77 3.816265244504982999e-106 1.171572972279436141e-69 6.775728546134957668e-37 4.630808535415448636e-72 3.452654777337155135e-66 1.057312585025328547e-59 2.842104207664921269e-51 8.632539131086649641e-53 3.340925106099659488e-44 1.068755507762171070e-21 3.321064294168231795e-72 4.103565608182406948e-50 9.737689433036833181e-70 4.842584076682618960e-15 9.999999999999951150e-01 5.073270353214047082e-110 2.830829773635977828e-62 6.971161950822164550e-42
2.732038710311597886e-75 9.022538149682174170e-96 1.112420059010872435e-110 1.028776678767433148e-91 7.974085925772651881e-23 1.123875014142331259e-93 7.056629509838822447e-90 1.087067549584408495e-86 8.853326079535247983e-42 1.296711038873661104e-83 4.401266716588931004e-77 1.559553809180233324e-07 3.496983458673383235e-45 6.935924425552381423e-40 1.808448646789589249e-92 9.999998440446190573e-01 4.399364928469579682e-49 5.548186239761209832e-55 2.248344211534668962e-88 3.147204041488447938e-75
1.342822219138745371e-82 5.052914354807889293e-107 1.545554274211089620e-126 3.957300943575462525e-102 1.168731234826878121e-74 1.187420999357704094e-103 3.686352108117333307e-95 3.272523121702901088e-89 2.286458540618824684e-83 3.209815269116824099e-90 6.641041987692559078e-84 4.779334201817543516e-21 5.862643039006206272e-101 1.147253507973737622e-70 3.263083255205881310e-102 3.418894707435167896e-28 1.000000000000000000e+00 1.463827616617383587e-122 1.406050670072090729e-96 1.377499229549845460e-83
3.473720589036430172e-84 2.181870036924206118e-112 3.429661972066489212e-138 2.155028124137932257e-103 4.404603433457702583e-74 4.135994884264711210e-107 8.242188959979537264e-105 1.474303496537949174e-100 2.432585147171935401e-58 1.495227413082227514e-91 9.437740777695797065e-86 2.801408383024682011e-07 4.784004030718547166e-65 1.254780296038282734e-56 5.397219096130674655e-104 9.999997198591618064e-01 1.369588271584716840e-47 6.038920094593323528e-128 1.903900249337997977e-96 2.806277606671123787e-86
