22.075620520062635
22.25469811280074
22.419014740608503
22.6732249064613
22.89334513277318
23.08460993861276
23.475408326862876
23.916145419588066
24.274856489481113
24.998939707182384
25.46389206779439
26.263960479763227
26.853432101886245
27.640680069190168
28.343563677099656
29.209170495111444
30.15786163149309
30.73269616016015
31.47871715162982
31.9633383111141
32.37003655382259
32.98773960880944
33.35447920948807
33.871060937571976
34.28007218836483
34.5094641273262
34.73440733294618
34.895094102038726
35.00245344260789
35.01952224338513
35.15628973491419
35.19946343356931
35.118109533190484
35.134647278355565
35.14783655413979
35.014439507290405
34.9613519115993
35.02465244017876
34.95622541073585
35.03261563352605
35.1091291496563
35.27235342878193
35.47226804920519
35.53509961586424
35.65073858541162
35.76758223617372
35.841279139664266
35.988275943866086
36.01946754218839
36.10143747979627
36.101137624231995
36.247446423804575
36.37828444989428
36.44119575779549
36.42828630728579
36.50283265528755
36.57620902252295
36.57115446841203
36.61015646330787
36.58125678974981
36.53514084367089
36.5917271637903
36.593067481513
36.711017763972315
36.84729275525469
37.03200624817587
37.27258673615991
37.473222325193014
37.636720047403124
37.73357042759483
37.78145304068725
37.872601199396854
37.963232927228084
38.11248138087903
38.19472912442082
38.344027929442326
38.39630534213748
38.44443116808324
38.577691407702616
38.64740518659308
38.73541654122368
38.79605910341773
38.905709439606674
38.957055300327234
39.00483370057724
39.07944793187312
39.158618357228846
39.20601579586245
39.22260310985198
39.175297222918985
39.19218279227957
39.28119960922924
39.48189996169583
39.59776024932359
39.60635014028401
39.601583034561685
39.61476009932297
39.63777273630718
39.67294690793719
39.673369965991824
