21.981427152334682
22.24346313339711
22.45238397995908
22.532854192723878
22.862878431277018
23.15517454334254
23.563906572804772
23.911530881450528
24.41467532960861
24.863755978515496
25.521172820157936
26.243675067592324
26.887588794262182
27.701511338558888
28.410513034427016
29.189483280596004
30.096596129559046
31.427683758060972
32.35675284186041
33.41594592901072
34.19226089092465
34.86438525827012
35.108281691449456
35.10484382391837
35.1746658006486
34.98182210582573
34.95528396440516
34.98085814735721
35.23321390398819
35.423675592459226
35.63956687868082
35.86226075151852
36.01922804797765
36.16520242368258
36.304546688824765
36.44120481385681
36.53301670587765
36.60552600995815
36.639347103614895
36.565400262329895
36.514467437292424
36.56282868986097
36.6865236082145
37.04840037857921
37.3018992637017
37.48141464556365
37.63432171908032
37.74439926350248
37.77752092611791
37.82685890153507
37.98758690605866
38.094322181590655
38.21434253389479
38.295946669394304
38.38259476675791
38.480539179447966
38.56024502739481
38.73836365117013
38.79163691676591
38.90256955902712
38.95620438983254
38.99316910129432
39.08354776734095
39.14511982913273
39.2169962598866
39.172889706389874
39.186411801718975
39.27911828434787
39.48632963518722
39.59806289851553
39.60126091463143
39.615516472466204
39.64062459449333
39.67311125913846
