32.198904141111456
33.15040184890645
34.16562575497791
34.53571027919676
35.453842006796336
35.585815319069425
36.68096212604239
37.74434661499068
38.45237301994471
39.82398658018133
40.30303877218821
41.27208963338699
41.4393224164232
42.62649688889127
44.48690266430774
44.608735815506996
44.98200687196502
45.74930127275017
46.72695047893661
46.18729307477191
46.539117405912016
48.593326300760374
49.059730360945935
48.68747709266004
48.647296352368734
47.939263595653
46.82481859211814
45.86754221853811
47.11774013287082
46.90007541798813
48.883857493221605
48.372740443814834
46.888755367167796
47.211334572655346
47.13457159683452
47.485888916287855
48.65179296109998
47.676513903627395
48.1427999586258
47.90263206889635
47.05951069983866
47.14663370651608
47.330687306589155
46.849281303230775
48.55164702539655
47.861645748406666
47.82259148077639
46.24831125807982
46.59541928220452
46.740965834608716
46.75997865136231
47.420281744377824
48.17736164281631
48.29368925149871
48.15494585571857
46.8404527211672
47.32898713742343
48.48014820194357
47.42242528933956
48.22334917187575
48.274319782220964
46.43627139915872
46.96180380892102
46.26458123946302
47.454177914391025
46.9446073100502
46.82140706644518
46.9531363060108
47.64805153313882
47.368974083967075
46.27228680737247
47.12645728518749
46.90083199934692
46.36370613324904
