32.198904141111456
33.15040184890645
34.16562575497791
34.53571027919677
35.453842006796336
35.58581531906942
36.68096212604239
37.744346614990675
38.45237301994471
39.82398658018132
40.3030387721882
41.27208963338699
41.4393224164232
42.62649688889125
44.48690266430775
44.60873581550699
44.98200687196501
45.57281778679644
45.74930127275017
46.25821304044132
46.72695047893661
47.10646659740944
46.18729307477191
46.483542701570535
46.53911740591201
46.75563960362719
47.01351643242516
48.59332630076037
48.618521641274704
49.059730360945935
48.98175409928444
48.687477092660046
48.46456812387876
48.647296352368734
48.23303547648565
47.93926359565301
46.824818592118135
46.44214218366774
45.867542218538105
45.993127796917626
47.117740132870814
47.52562814226618
46.90007541798812
47.177346672645925
48.88385749322161
48.9639596245841
48.372740443814834
48.227591351554175
46.88875536716779
46.879037065244404
47.211334572655346
47.36381428053331
47.134571596834505
47.43605758254051
47.48588891628785
48.65179296109997
48.7457968118152
47.676513903627395
48.142799958625815
47.90263206889635
47.059510699838654
47.14663370651607
47.10138265470556
47.33068730658916
47.49938600992937
46.849281303230775
48.55164702539655
47.86164574840667
47.82259148077638
46.24831125807981
46.59541928220452
46.74096583460871
46.7599786513623
47.42028174437782
48.17736164281631
48.293689251498705
48.15494585571858
46.8404527211672
47.328987137423425
47.444412420876944
48.48014820194358
47.42242528933957
48.223349171875746
48.274319782220964
46.43627139915872
46.96180380892102
46.26458123946301
46.29056617680777
47.45417791439103
46.9446073100502
46.821407066445175
46.95313630601079
47.64805153313881
47.36897408396707
47.243569664087396
46.27228680737247
47.12645728518749
46.90083199934692
46.36370613324903
46.24140354879896
