18.436191593581082
18.493310026851468
18.578896373617646
18.60876616041574
18.598646950754684
18.768557016585778
18.984098668608937
19.105537028913094
19.319252329863858
19.522458273677458
19.779149377470873
20.076257065088015
20.42654138342395
20.44292278532375
20.656389749456654
20.744072534415725
20.620174511006454
20.624038358747043
20.50083959285848
20.320636891514074
19.906193828337127
19.284285374013557
18.69419463520264
18.078378006283828
17.289580325249894
17.012310298588183
17.285199060037687
17.690294535527304
18.322606684838817
19.116054619858588
19.58746965432147
20.036084815817404
20.248425448413645
20.50586288860049
20.57087598293536
20.612388693335305
20.887551926323447
21.226675505449666
21.352811128648618
21.448720684252013
21.38923446884921
21.694841397213995
21.677859762657
22.0493429536571
22.477067130274868
22.76260671168977
22.91376198711485
23.087861094811466
23.094973712672466
22.887587952938492
22.863510835743224
22.956351782144854
22.964382693855338
23.33362270313714
23.63593441218271
24.081531480846568
24.5212402369072
25.011223095827287
25.21339293692045
25.495415658855055
25.729871953322448
25.848070323537673
25.828235984596837
25.988000134837783
26.08702678537748
26.287549979445043
26.431655531908227
26.603177413766367
26.84527386639645
27.005568637030777
27.177299282344837
27.220689026245452
27.38265883739427
27.481951579533227
27.541329479221233
27.502298142611007
27.414128132496714
27.36270136727845
27.380785637570945
27.460637012926963
27.567226128128805
27.66232150439966
27.638513117196375
27.781574348303657
27.997174189951743
28.10146922521516
28.11514104247048
28.05731072616945
28.08467430794056
28.223097050776236
28.40528811399284
28.561197248786776
28.69500331687376
28.5911484110341
28.564899780307623
28.374226102432175
28.369617769387744
28.62160903258512
28.534929432814852
28.503202343984686
