18.380311307436475
18.543990368853787
18.605385853352878
18.643033393444128
18.715651642141072
18.865829033130503
18.942054554727164
18.98095886916535
19.225981853127937
19.515723606837543
19.670716974907023
20.103179758792095
20.355767096438584
20.51873379182237
20.65532801049414
20.47337442538134
19.889799957713663
18.73849097804521
17.28087789285971
17.736516546804918
18.941695094371457
20.225583367063788
20.60720066242121
21.243546681546082
21.53115874319931
23.017925743374523
23.00630916829649
22.923545523258568
23.254781722609845
24.15193691125782
25.00790683511542
25.53985163757849
25.785822385309977
25.85709626670766
26.00689005562656
26.468241589289807
26.79670518687165
26.977501393393293
27.167512714999773
27.221031240110744
27.48467794115222
27.5002019185241
27.43629995757232
27.365573882366967
27.43013469465578
27.56254734072653
27.6359898325805
27.643332445793824
27.960081761787542
28.090415037453166
28.14176650985537
28.059113432859835
28.079566113272787
28.218905167370192
28.399655878897676
28.564145842308594
28.67515056481775
28.59809891694286
28.57005965712691
28.37632538469441
28.377079140619056
28.62171527973259
28.534339039760912
28.502834149116094
