25.697238276942823
26.147894515511478
26.414202124679345
27.191211376313618
27.953895079126514
28.33082663695019
29.152339880239857
29.981073703766796
30.85404218226372
31.09089286174291
31.604169052759644
32.2560710132194
33.29024907206743
33.65413704647583
33.77766460572034
34.123997602417134
34.110148584027264
33.326449984895056
30.782730714813745
31.895949985722577
32.93863702295022
32.817188673041194
32.453753790010296
32.75822306893189
32.17189082000277
33.15744279727256
32.684310227096724
31.306522495261767
31.459708365371213
31.69237516720039
32.551588880866625
32.917586063117504
32.58685849025183
32.16347393564502
32.128799584875445
32.320223214837064
32.4389774894527
32.745697184537946
32.93593305519186
32.24020676701087
33.19922954447015
32.61970295585163
32.18860963545535
32.035505676180904
32.06755575880545
32.49568507117936
32.6925386006453
32.296194790901914
32.964294666350106
33.15828660751782
33.06580232887689
32.213866648751136
31.75150717201389
31.83548732023649
31.99717152247025
32.37648606437112
32.24908450737948
32.472036478951445
32.924223469235564
32.034952518113464
31.90194386894345
31.79317104205916
32.27794894620763
32.534454808441836
