25.697238276942823
26.147894515511474
26.41420212467935
27.191211376313614
27.953895079126518
28.330826636950185
29.152339880239857
29.981073703766796
30.85404218226372
31.09089286174291
31.604169052759644
32.2560710132194
33.29024907206743
33.654137046475824
33.938137727743914
33.77766460572035
33.919456651797404
33.975508548560896
34.123997602417134
34.03636991683363
34.110148584027264
33.85249795576574
33.32644998489505
32.77905419483341
30.782730714813745
30.431442191290788
30.58330666790037
31.895949985722574
32.41933783118699
32.93863702295022
33.18822868772166
33.25999335809093
32.8171886730412
32.702315637759796
32.45375379001029
32.372550908335754
32.438351678011436
32.634911554590595
32.75822306893188
32.645073248808885
32.39420527761263
32.17189082000277
32.237804105698245
32.40997825957663
32.663227314703406
32.779175339554484
32.78344798005262
33.15744279727255
32.93691009183459
32.684310227096724
32.18967650903843
31.30652249526176
31.255882828927167
31.459708365371213
31.715374621929335
31.692375167200392
32.03098223340888
32.55158888086663
32.69988536190317
32.9175860631175
32.783964578030506
32.586858490251835
32.163473935645015
32.034422177765784
32.12879958487544
32.16507955528199
32.320223214837064
32.461612387501226
32.4389774894527
32.74569718453794
32.93593305519186
32.24020676701087
32.17372307292076
33.19922954447014
33.05663644432542
32.61970295585162
32.18860963545536
32.0355056761809
32.02273060782462
32.06755575880545
32.49568507117935
32.6925386006453
32.29619479090191
32.412980973225295
32.964294666350106
33.158286607517816
33.065802328876885
32.213866648751136
31.751507172013888
31.83548732023649
31.99717152247025
32.37648606437112
32.24908450737948
32.47203647895145
32.92422346923556
32.034952518113464
31.901943868943448
31.793171042059157
32.27794894620763
32.53445480844184
