22.075620520062635
22.324856959113298
22.528736056207357
22.90384226927122
23.018380283161644
23.432607735456322
23.87742498230497
24.464509822273648
24.88094282709612
25.66405402027808
26.246030723407323
27.238505921697666
27.949605594780618
28.86645078801729
29.49417518424048
29.923919265361796
30.247583695928395
30.433700465400747
30.53945498146765
30.607078424840267
30.575861421643715
30.644028810959274
30.682440179694602
30.52483065032701
30.530859191472302
30.494972630332946
30.402524567555023
30.28901183153782
30.16010710522872
30.102676079234826
30.374621201145974
30.664786203737677
30.850390713157882
31.239375194625485
31.559702666878678
31.901260357006862
32.195407873028074
32.3215379344726
32.58389741576099
32.760069630559784
32.937897182283116
33.13960608802269
33.38816542853528
33.43686045457034
33.681095013741796
33.817117368581265
33.972014318516976
34.18806345192863
34.45902472548556
34.59016965624882
34.8905131679591
35.02066183493341
35.270785984793605
35.379109517149786
35.43795608027218
35.62135763773669
35.70675138595239
35.71476887437227
35.66907017816274
35.6807957892003
35.7127365773468
35.90873488691557
36.13147289205027
36.25059719808671
36.47838660443547
36.635012204922994
36.6896703603335
36.70841188955477
36.740718580983135
36.826145336539504
36.99758821637059
37.22078938556428
37.3468927723038
37.38833309828852
37.449819848100915
37.488544251798466
37.574312626930116
37.77594956113997
37.91395042379984
38.122591946825295
38.28562368037728
38.397866754945895
38.40655498242622
38.39284404777746
38.438283143090175
38.55045466940598
38.65513660588769
38.7369504720038
38.782722291882166
38.84400136345483
38.90573491468295
38.888454913176105
38.89776339620132
38.98590994341533
39.05398406727495
39.113379796067385
39.145782627105206
39.05259817604897
38.975730699240266
38.997927307877504
