32.16535940660617
33.08492776973172
33.55838639994166
34.578755285536985
35.4029273837682
35.72390584788964
36.0886726234225
37.80614250591135
38.306851885967454
39.25023473405939
39.70290621437786
40.849715346337824
41.79627253592356
42.628368264507635
43.49282023433041
42.880171847510454
44.42023893545246
42.913518663962684
43.571771179659635
43.054003319230866
42.68643268899663
41.343297733499824
42.03197287476022
41.7244239949817
41.98536501558456
42.61807349504245
42.07432082101425
42.56984685638759
42.891795279190895
42.37413691749544
42.058360362175534
42.22566186800703
41.73846331751657
42.744240115037734
42.77684129977486
43.07763191967275
42.54973349670993
41.6890482103393
40.51658431563055
42.178065600728175
42.694460000165805
42.72478122753504
42.660502564543826
42.112941611448505
41.888088627396236
41.799073406326215
42.761055537991
43.05892669814422
42.443194041580824
42.6753217073744
42.21599692516687
41.240170684904044
42.44619265370656
41.959957665625524
43.64937471158583
42.7618587368725
43.20631866934773
42.95661144100327
41.73876968803431
40.62509291579903
41.52303721535385
41.17284184891453
41.28238132703362
41.30453024453702
41.814801872918636
41.59125768258423
42.18353144777265
42.50477089028571
42.43394305902703
41.696614120888
42.41297077622329
41.24621362563617
42.76487799429524
41.103364128411
