21.981427152334682
22.339179836561197
22.57722237471711
22.768216768547912
23.099694594759878
23.346961173227893
23.921137632235382
24.323535701477507
24.957680136960544
25.532316609194922
26.37455438486175
27.191762588373944
27.973464093907953
28.826009684630428
29.475615304825535
30.251116524087855
30.522688313690995
30.632033343334843
30.660356220531465
30.598209495280972
30.325177041035385
30.2266095110355
30.304030927251972
30.538603453608083
31.19855844432853
31.86321347305954
32.34449703208836
32.683667826500105
33.17916953807258
33.45493317115733
33.861283835377414
34.19711764256904
34.60585890050051
35.02525515760582
35.37630856575612
35.603106122784496
35.67466531058413
35.742739002907776
35.9344341306469
36.21371909734177
36.45773367433611
36.617761752274674
36.698633418420705
36.66235633167132
36.729965532291786
36.971978775483514
37.25490738010592
37.35813578777461
37.396035953617705
37.46379165347725
37.495327378000106
37.59235704590644
37.76140719912341
37.90020213754387
38.16292477391131
38.299779072309924
38.39152095432824
38.40434811154568
38.36411722193054
38.438746426905546
38.541374958264456
38.72192686271234
38.78081802476872
38.83724409224631
38.90153025933164
38.891676281789394
38.90161567454929
38.98307823321058
39.0587408285223
39.11676117161541
39.14538164139335
39.056602966233044
38.980392126136685
38.997927307877504
