32.16535940660617
33.08492776973173
33.55838639994166
34.578755285536985
35.4029273837682
35.72390584788964
36.0886726234225
37.80614250591136
38.306851885967454
39.25023473405939
39.70290621437786
40.849715346337824
41.79627253592356
42.62836826450764
43.492820234330416
43.875179510731584
42.880171847510454
42.91961036728045
44.42023893545246
44.406700476559045
42.913518663962684
42.74136539091617
43.571771179659635
43.23363256226979
43.05400331923086
42.640562299063475
42.68643268899663
41.343297733499824
41.09083478428276
42.03197287476021
41.992770698116416
41.724423994981706
41.94962756554249
41.98536501558456
42.383761186829545
42.618073495042445
42.745724917290666
42.074320821014254
42.25098474837756
42.569846856387585
42.60208471104198
42.89179527919089
42.67836654797306
42.374136917495434
42.29583410578368
42.058360362175534
42.15985422647332
42.22566186800704
42.58478383965337
41.73846331751658
41.951955789868805
42.74424011503773
42.79109963636608
42.77684129977485
42.494299863654845
43.07763191967275
42.94057341312836
42.54973349670993
42.151551730988174
41.689048210339294
41.73652325415201
40.51658431563055
40.802548040118765
42.17806560072817
42.694460000165805
42.72478122753505
42.66050256454383
42.112941611448505
41.88808862739624
42.14358565734484
41.799073406326215
42.76105553799099
43.05892669814421
42.443194041580824
42.675321707374394
42.21599692516687
41.240170684904044
42.44619265370656
41.959957665625524
43.649374711585835
42.76185873687248
43.20631866934773
42.956611441003275
41.73876968803431
40.625092915799016
41.52303721535384
41.60817328202273
41.17284184891452
41.28238132703362
41.30453024453702
41.814801872918636
41.59125768258423
42.18353144777265
42.50477089028571
42.43394305902703
41.696614120888
42.41297077622329
41.246213625636166
42.76487799429525
41.103364128411
