18.349116167468353
18.328930207485637
18.201377027299117
18.032799611943396
17.967087378941926
17.7656014193562
17.604945557283127
17.396235150760315
17.11534592364075
16.810050523706735
16.408334459237985
15.8307158681005
15.350332586974433
15.047003545728879
15.105723598017777
15.28919488018727
15.589765516407844
16.093049529595216
16.562825671209698
17.16439114156586
17.715063692174002
18.067007877316026
18.307200126901023
18.516986176631676
18.598115655168787
18.65942615982016
18.595638319047154
18.522866788162737
18.412297211633973
18.376084725372984
18.282372087735208
18.269145703663057
18.293904353943354
18.440121456773436
18.47259586654741
18.47208621842585
18.508482754916663
18.651843749583417
18.821637757323646
18.907054200871162
19.041220509873494
19.107898270697564
19.09691493178792
19.16981841433978
19.330677401463376
19.37779533420034
19.486945898832325
19.66460832363741
19.630513576586555
19.57646071878779
