0.14978661367769955
0.14963146448671089
0.14932448624054473
0.14887144242101388
0.14829835316470366
0.14759000044655776
0.1467603462947195
0.1457938113973505
0.14463738259873346
0.14324799451455147
0.14156518140548105
0.13953310921114392
0.13705934683598306
0.13526664893246723
0.13420754567933457
0.1336558533383754
0.1333642968447688
0.13314775850507476
0.13278190958094954
0.13207364002064978
0.13093149444538424
0.12935562697740505
0.127536570072154
0.12555452083883217
0.12345625954962286
0.1212268373324389
0.11880910752286297
0.1161196140347289
0.11319642390658696
0.11017330525961459
0.10672738797408514
0.10362017932580947
0.10082079688695725
0.09802936216910471
0.09488548027673076
0.09137145362477515
0.08774004364113598
0.08412200696119887
0.08011179203003145
0.07499744204137675
0.0700345540835065
0.06374009966406
0.05598596198401646
0.048382722413529956
0.03982251978881071
0.029586903919327813
0.021572402533524652
0.01292351110503202
0.005273219420835132
0.0015697967269172797
