25.55381405201818
25.04318979629635
24.59664239963771
24.301985292534226
23.867131000934133
23.30223543901281
22.87879977209614
22.72198944576033
22.29052779452794
21.685247128926882
21.029740591973372
20.469773431818957
19.65637559238206
19.424859584949502
19.162765912968766
19.158142315461966
18.779403555934973
19.108664382483617
19.508124782988048
19.837885292316997
20.175334569936275
20.34809475147219
20.39769252984788
20.96532867860654
20.918618661679567
20.73929200114354
20.59504603534213
20.148068132530376
19.88197506752725
20.217103818789898
19.965304708333118
19.851926747635652
19.972116287673302
20.07336897497019
20.05878942946834
19.932326835078364
19.775908262731342
19.870336687272605
20.05370927266268
19.955819517783684
20.11798585001219
20.116862326872436
19.834155322555368
19.89496620625428
20.04001163998828
19.868726236085408
19.84653474952651
20.147272416741064
20.060215064777598
19.70633660732616
