22.075620520062635
22.331709258055074
22.555185451943586
22.83832864454335
22.99426629821506
23.194851368631586
23.514376813712406
23.956928405807794
24.212905282034168
24.78530861647417
25.241860997058687
26.013001840488062
26.548149582405095
27.220655904519155
28.053153904821453
28.943704966490372
29.69631796947048
30.299542752760736
31.159389959134398
31.71713511576592
32.2483851255881
32.96755725734183
33.265961384407674
33.81033523966134
34.11494114995384
34.40166807027885
34.624328863509085
34.82962716785226
35.09572800828798
35.19720302125557
35.47686026103378
35.58396209644307
35.67670235037587
35.67384558011268
35.744523007756854
35.659621233272645
35.86077810331821
35.95172016539842
36.03569549613779
36.10625001861782
36.184433314707015
36.29444532140863
36.46702624834344
36.60111521048785
36.71898523344887
36.94437397209556
37.016779959441855
37.1607547708482
37.28599476145627
37.360756004053066
37.396344132251556
37.47293567999816
37.54092683125768
37.634651499290435
37.75191121887609
37.837922216338164
37.931850350489114
37.988708259533624
38.13331082984254
38.17847509661315
38.23719219481153
38.24446377019
38.241983156833996
38.24323765464503
38.16815344969366
38.135979336855634
38.143210504774004
38.121135622319855
38.10154118391094
38.12418073842374
38.13605917720654
38.18004525163854
38.139522164674226
38.142478722987434
38.15553909959337
38.2938405549388
38.360636758287974
38.4334734206087
38.49563760758072
38.58525433387642
38.669009806324596
38.68106208597073
38.68391142514301
38.66519282720698
38.69683260352054
38.71730324167153
38.689254641724624
38.61562531594289
38.53408812839875
38.554061224145805
38.66873156266042
38.932336799542874
39.072892437804626
39.09201447026436
39.12665214975475
39.11226711460737
39.08622427738497
38.99266829243143
38.98740752193471
38.98728550668449
