32.27689645230325
33.149852882503836
34.10746806175635
34.686719362778014
35.41600570938798
35.75084101705614
36.501598090138266
37.36268518349666
38.21759931688984
39.720016735430654
40.17972138080346
41.14365651990787
41.65069730906664
42.29886057058272
43.71800431354513
43.5459200806375
44.72696758609803
46.10193158386653
47.62680036571921
45.915769893734115
46.791140169717785
48.82577394025147
47.8841247133981
49.46721377383227
48.76169559610329
49.792947269357185
48.976408451228714
49.11417080032712
51.07199872430804
50.934880645109565
51.89834416835522
51.328656177069824
50.560099842648384
49.540150774207355
49.2154007761643
49.624512156357405
49.44711832530506
49.49931105170138
49.93721335930042
49.98614854530192
49.85177770684107
50.383049924565356
50.28994288732457
50.749490636867435
50.71123675992922
49.31939337674258
49.85490735647481
49.52039759782415
49.41031556745369
48.824537713959145
49.15728969727491
49.389564747508395
50.59698337857649
48.904879332034156
49.80018431112757
50.87301150208632
49.876082198877754
50.38900063973493
50.30166154711028
49.04127949632145
50.09081534918345
49.044407744122886
50.53071814100979
49.59710670636261
48.96627288171103
48.54561752019265
49.30759646487053
49.33099349091555
49.444935260383055
50.37760422778644
48.46864187792825
49.326758823852884
49.25497376155627
48.73968081476663
48.12805658617255
