21.981427152334682
22.354780985529665
22.590479178655777
22.69754288610604
23.011162626036068
23.25162071369112
23.569251285308972
23.79852489256169
24.303432630809354
24.744912469225724
25.4098699964208
25.96364860748652
26.549165612193814
27.34702669903371
28.060599785635503
28.86955879894193
29.710463797409517
31.20315581187648
32.27170823722535
33.29784361374089
34.03825814961537
34.6698802490267
35.027729696421844
35.39939369872047
35.648066964732216
35.67056351565386
35.8117533879227
36.0438699913882
36.2766183160412
36.42549381110669
36.69792809660352
37.0621408558922
37.18099854495878
37.328021730668915
37.45282764976338
37.556015278314185
37.71887431075335
37.942425104618025
38.030869056519705
38.10377712668919
38.148336251998074
38.19330194201511
38.212202524249456
38.2474615742581
38.21053706790939
38.18663826662499
38.170663089522556
38.11149673552535
38.11465960520355
38.12663133008993
38.147299570425204
38.17601708830941
38.16782434259709
38.139630089964946
38.28163720879238
38.37051806919542
38.444358707204096
38.50703598839352
38.587996247431235
38.66777090162235
38.685314858616366
38.69344067289146
38.71012026950858
38.60886888302915
38.541427287680335
38.54599008486015
38.671317041324734
38.93697435362102
39.076502044267805
39.09748865078972
39.1254116304059
39.10914371911527
39.0800221844435
38.99394930183099
38.98728550668449
