32.27689645230324
33.149852882503836
34.10746806175635
34.686719362778014
35.416005709387974
35.750841017056146
36.50159809013826
37.362685183496666
38.21759931688984
39.720016735430654
40.17972138080346
41.14365651990787
41.65069730906664
42.29886057058272
43.71800431354513
43.54592008063751
44.72696758609801
45.23062168050498
46.10193158386653
46.51469978595064
47.626800365719205
48.00442713902427
45.91576989373411
46.15368202664935
46.79114016971778
47.015093212740034
48.825773940251466
49.004231031518174
47.88412471339811
48.1690146662105
49.46721377383227
49.76788388521756
48.761695596103294
49.1025824941439
49.79294726935718
49.978575542689256
48.976408451228714
49.13696503653191
49.11417080032713
49.29682854963704
51.071998724308024
51.06777524034338
50.93488064510957
50.86808013495188
51.89834416835522
51.67350850863006
51.32865617706981
50.56009984264838
49.54015077420736
49.358768379096894
49.2154007761643
49.24450012166419
49.6245121563574
49.80523785708149
49.447118325305055
49.647506596847606
49.49931105170138
49.93721335930042
49.98614854530193
49.85177770684107
50.38304992456536
50.28994288732457
50.749490636867435
50.71123675992922
49.31939337674259
49.854907356474804
49.87074673547272
49.52039759782414
49.410315567453694
48.824537713959145
49.157289697274905
49.38956474750839
50.596983378576496
48.90487933203414
48.91532048924088
49.80018431112757
50.87301150208632
49.87608219887775
50.38900063973493
50.30166154711027
49.04127949632145
48.921924389664056
50.09081534918345
49.92105022863143
49.04440774412288
50.5307181410098
50.47703476971492
49.59710670636261
48.96627288171103
48.54561752019264
49.30759646487053
49.330993490915546
49.44493526038307
50.37760422778645
48.46864187792825
49.326758823852884
49.25497376155627
48.73968081476662
48.5791392351835
48.12805658617255
